-3 -5 0
2 4 <= 10
6 1 <= 20
1 -1 <= 30
-------------------------------------------------------------
[[-3. -5.  0.  0.  0.  0.]
 [ 2.  4.  1.  0.  0. 10.]
 [ 6.  1.  0.  1.  0. 20.]
 [ 1. -1.  0.  0.  1. 30.]]
função objetivo: [-3. -5.  0.  0.  0.  0.]

coluna pivo: [-5.  4.  1. -1.], constantes: [ 0. 10. 20. 30.]
coef depois da divisao: [(2.5, 1), (20.0, 2)]

numero pivo: 4.0
nova linha pivo: [0.5  1.   0.25 0.   0.   2.5 ]
----------------------- ESCALONANDO -------------------------

[[-0.5   0.    1.25  0.    0.   12.5 ]
 [ 0.5   1.    0.25  0.    0.    2.5 ]
 [ 5.5   0.   -0.25  1.    0.   17.5 ]
 [ 1.5   0.    0.25  0.    1.   32.5 ]]
função objetivo: [-0.5   0.    1.25  0.    0.   12.5 ]

coluna pivo: [-0.5  0.5  5.5  1.5], constantes: [12.5  2.5 17.5 32.5]
coef depois da divisao: [(5.0, 1), (3.1818181818181817, 2), (21.666666666666668, 3)]

numero pivo: 5.5
nova linha pivo: [ 1.          0.         -0.04545455  0.18181818  0.          3.18181818]
----------------------- ESCALONANDO -------------------------

[[ 0.          0.          1.22727273  0.09090909  0.         14.09090909]
 [ 0.          1.          0.27272727 -0.09090909  0.          0.90909091]
 [ 1.          0.         -0.04545455  0.18181818  0.          3.18181818]
 [ 0.          0.          0.31818182 -0.27272727  1.         27.72727273]]
RESULTADO FINAL -- MAX Z = 14.09090909090909